tree
version=v4
num_class=1
num_tree_per_iteration=1
label_index=0
max_feature_idx=8
objective=binary sigmoid:1
feature_names=Column_0 Column_1 Column_2 Column_3 Column_4 Column_5 Column_6 Column_7 Column_8
feature_infos=[0:2499280] [0:4] [0:11] [0:15613] [0:65301] [0:63239] [313:2982565] [0:57065] [0:57482]
tree_sizes=2294 2399 2383 2382 2375 2367 2358 2352 2365 2336 2364 2391 2393 2390 2387 2365 2366 2366 2362 2353

Tree=0
num_leaves=21
num_cat=0
split_feature=1 3 6 6 6 6 6 6 6 6 6 6 6 6 6 6 6 6 6 6
split_gain=16964.4 6493.71 265.37 10.7135 8.72959 1.68996 1.10448 0.546264 1.38508 0.625297 1.37648 0.245492 0.706009 0.156234 0.640877 0.0860352 0.786245 0.0914652 0.840376 0.023964
threshold=1.5000000000000002 11.500000000000002 4825.0000000000009 36234.500000000007 5770.0000000000009 6453.5000000000009 25993.000000000004 16577.000000000004 16966.000000000004 8281.5000000000018 8197.0000000000018 19522.000000000004 20556.000000000004 6901.5000000000009 6769.5000000000009 7488.5000000000009 7539.5000000000009 7945.5000000000009 7989.5000000000009 11829.500000000002
decision_type=2 2 2 2 2 2 2 2 2 2 2 2 2 2 2 2 2 2 2 2
left_child=-1 2 -2 4 -4 -6 7 9 -9 10 13 -10 -13 14 -7 -15 -17 -18 -19 -11
right_child=1 -3 3 -5 5 6 -8 8 11 19 -12 12 -14 15 -16 16 17 18 -20 -21
leaf_value=0.31916604713227503 -3.2877430079734435 0.31916604713227503 -4.4723250067969014 -4.3490351785086654 -4.5765609525315014 -4.623635250605191 -4.5640834277408846 -4.5726785361955269 -4.623635250605191 -4.6225501131084323 -4.5763357166555503 -4.5710522580760697 -4.623635250605191 -4.623635250605191 -4.5756468884912351 -4.575176414352863 -4.623635250605191 -4.5737079647694596 -4.623635250605191 -4.623635250605191
leaf_weight=1.7601354997605074 0.37428168673068185 0.66763760335743327 0.99134068377315898 0.36416596546769042 2.1243014652281991 2.0939543014392319 0.83960486482828756 1.962449925020336 7.0911206053569895 138.23133105877787 2.1141857439652076 0.9508777987211946 1.942218482494354 8.4263958120718616 1.0419192900881173 1.0318035688251281 8.6691731223836523 1.0014564050361503 5.3208693843334913 80.511025532148778
leaf_count=174 37 66 98 36 210 207 83 194 701 13665 209 94 192 833 103 102 857 99 526 7959
internal_value=-4.57312 -4.60576 -4.61817 -4.62005 -4.62042 -4.62098 -4.62134 -4.62152 -4.61108 -4.62203 -4.61522 -4.61863 -4.60635 -4.6182 -4.60769 -4.61955 -4.61739 -4.6203 -4.61573 -4.62295
internal_weight=0 265.75 265.082 264.708 264.344 263.353 261.228 260.389 11.9467 248.442 29.6998 9.98422 2.8931 27.5856 3.13587 24.4497 16.0233 14.9915 6.32233 218.742
internal_count=26445 26271 26205 26168 26132 26034 25824 25741 1181 24560 2936 987 286 2727 310 2417 1584 1482 625 21624
is_linear=0
shrinkage=1


Tree=1
num_leaves=21
num_cat=0
split_feature=5 3 0 3 6 2 6 6 6 6 6 6 6 6 6 6 6 6 6 6
split_gain=273.161 121.783 116.35 45.386 21.779 5.38225 2.75503 1.16741 0.0405989 0.953554 0.00312637 7.92317e-06 1.77826e-07 1.55061e-07 3.42916e-07 1.20577e-07 3.34119e-07 6.32668e-08 1.75361e-07 4.72943e-08
threshold=171.50000000000003 11.500000000000002 57.500000000000007 10.500000000000002 36234.500000000007 2.5000000000000004 6237.0000000000009 25993.000000000004 7989.5000000000009 7945.5000000000009 4825.0000000000009 5770.0000000000009 6453.5000000000009 16577.000000000004 16966.000000000004 8281.5000000000018 8197.0000000000018 19522.000000000004 20556.000000000004 6901.5000000000009
decision_type=2 2 2 2 2 2 2 2 2 2 2 2 2 2 2 2 2 2 2 2
left_child=3 2 4 -1 5 -2 10 8 9 12 -7 -12 -8 15 -15 16 -10 -16 -19 -14
right_child=1 -3 -4 -5 -6 6 7 -9 13 -11 11 -13 19 14 17 -17 -18 18 -20 -21
leaf_value=0.086337742140938631 0.086337742140938631 0.086337742140938631 0.82932911782008523 0.25642369637152307 0.10211011546154621 -0.00040317633101622755 -0.050514511997658433 0.0085061428870492652 -0.050490852485862464 -0.00055988180771698816 -0.0039192191727088384 -0.0037268215653617782 -0.050499069492444495 -0.050516516110270596 -0.050490852485862471 -0.050491188354376562 -0.050514624750438698 -0.050517352396486276 -0.050490852485862436 -0.050492289901777003
leaf_weight=32.904882878065109 0.73121961951255698 18.524230360984802 0.37872089724987645 4.4529358502477399 2.4032243452966204 0.97155813872814123 1.0384121313691199 0.84706838987767596 5.063852682709693 1.0008787661790837 1.0717696845531464 1.0686571449041367 3.0220606662333038 1.9430565834045399 6.7485945448279363 208.28747492842376 2.0873664943501353 0.94266851618886027 1.8484025001525877 17.289423611015081
leaf_count=135 3 76 7 33 44 28 103 83 526 99 96 106 309 192 701 21621 207 93 192 1791
internal_value=0 -0.037475 -0.0464081 0.106611 -0.0477018 -0.0491195 -0.0495106 -0.0500923 -0.0502914 -0.0482582 -0.00275545 -0.00382316 -0.0504943 -0.0504917 -0.0504974 -0.0504914 -0.0504978 -0.0504935 -0.0504998 -0.0504933
internal_weight=0 275.269 256.744 37.3578 256.366 253.962 253.231 250.119 249.272 22.3508 3.11198 2.14043 21.3499 226.921 11.4827 215.439 7.15122 9.53967 2.79107 20.3115
internal_count=26445 26277 26201 168 26194 26150 26147 25917 25834 2302 230 202 2203 23532 1178 22354 733 986 285 2100
is_linear=0
shrinkage=0.05


Tree=2
num_leaves=21
num_cat=0
split_feature=5 3 0 2 6 2 6 6 6 6 6 3 6 6 6 6 6 6 6 6
split_gain=254.127 114.106 123.96 40.8604 20.3419 5.07721 2.78027 1.78035 0.0425244 0.951021 0.00284155 0.0016516 7.2318e-06 1.52792e-07 1.33283e-07 2.94651e-07 1.03672e-07 2.87193e-07 5.43722e-08 1.50704e-07
threshold=171.50000000000003 11.500000000000002 193.50000000000003 2.5000000000000004 25993.000000000004 2.5000000000000004 6237.0000000000009 36234.500000000007 7989.5000000000009 7945.5000000000009 4825.0000000000009 4.5000000000000009 5770.0000000000009 6453.5000000000009 16577.000000000004 16966.000000000004 8281.5000000000018 8197.0000000000018 19522.000000000004 20556.000000000004
decision_type=2 2 2 2 2 2 2 2 2 2 2 2 2 2 2 2 2 2 2 2
left_child=3 2 4 11 5 -2 10 -6 9 13 -7 -1 -12 -8 16 -16 17 -10 -17 -20
right_child=1 -3 -4 -5 7 6 8 -9 14 -11 12 -13 -14 -15 15 18 -18 -19 19 -21
leaf_value=0.08333204085458075 0.08333204085458075 0.08333204085458075 0.99267805534097464 0.24269066819455631 0.018208885122901395 -0.00038316460371971015 -0.050489167172383331 0.096539393694205222 -0.050466685316459606 -0.00053218736813564062 -0.0037379268454189002 0.082323043535239573 -0.0035537708308123308 -0.050469010763314941 -0.050491070958032215 -0.05046668531645962 -0.050467003692774952 -0.050489277574273995 -0.05049186742503884 -0.050466685316459585
leaf_weight=27.359788745641708 0.7199944406747808 18.239859163761139 0.28674684837460418 4.5884327292442313 1.0369506506249302 0.97119472920894567 0.98825154080987587 2.4144876711070538 4.8191343098878852 1.0003299862146366 1.0676717162132263 4.7615121006965628 1.0647625345736742 19.329945664852858 1.8492005467414845 6.4224584624171239 198.22173102479428 1.986536147072911 0.89713519625365767 1.7590756416320799
leaf_count=114 3 76 6 34 84 28 103 44 526 99 96 20 106 2100 192 701 21621 207 93 192
internal_value=0 -0.0373135 -0.0463014 0.10312 -0.0475197 -0.0492451 -0.0496422 0.0730058 -0.0502572 -0.0481268 -0.00262497 0.0831825 -0.00364597 -0.05047 -0.0504675 -0.0504729 -0.0504672 -0.0504733 -0.0504692 -0.0504752
internal_weight=0 263.075 244.836 36.7097 244.549 241.097 240.377 3.45144 237.274 21.3185 3.10363 32.1213 2.13243 20.3182 215.955 10.9279 205.027 6.80567 9.07867 2.65621
internal_count=26445 26277 26201 168 26195 26067 26064 128 25834 2302 230 134 202 2203 23532 1178 22354 733 986 285
is_linear=0
shrinkage=0.05


Tree=3
num_leaves=21
num_cat=0
split_feature=5 3 0 2 6 6 6 1 5 6 6 6 3 6 6 6 6 6 6 6
split_gain=237.135 107.037 54.2668 39.9927 19.0867 4.81935 1.62099 1.61315 1.13163 0.0445384 0.948411 0.00258183 0.00127029 6.59747e-06 1.31417e-07 1.14449e-07 2.53235e-07 8.90355e-08 2.46853e-07 4.67334e-08
threshold=171.50000000000003 11.500000000000002 193.50000000000003 2.5000000000000004 25993.000000000004 6237.0000000000009 36234.500000000007 1.5000000000000002 181.50000000000003 7989.5000000000009 7945.5000000000009 4825.0000000000009 4.5000000000000009 5770.0000000000009 6453.5000000000009 16577.000000000004 16966.000000000004 8281.5000000000018 8197.0000000000018 19522.000000000004
decision_type=2 2 2 2 2 2 2 2 2 2 2 2 2 2 2 2 2 2 2 2
left_child=3 2 4 12 5 8 -6 -7 11 10 14 -2 -1 -13 -9 17 -17 18 -11 -18
right_child=1 -3 -4 -5 6 7 -8 9 -10 15 -12 13 -14 -15 -16 16 19 -19 -20 -21
leaf_value=0.080666997606483049 -0.00036413877923947065 0.080666997606483049 0.41759397575308982 0.24176057931745346 0.017068050038247823 0.080666997606483049 0.091437823691317199 -0.050465085893786427 0.080666997606482896 -0.050443716239939609 -0.00050584656562338559 -0.0035643759043772873 0.079773575427699958 -0.0033881677572129825 -0.050445923706887774 -0.050466890265952691 -0.050443716239939623 -0.050444021366105186 -0.050465187114974108 -0.05045179924167742
leaf_weight=26.862989366054535 0.97084936499595631 17.90865957736969 0.62909411638975044 4.380727093666791 1.0505854012444609 0.23564025759696861 2.4215396121144295 0.94049121625722065 0.4712805151939391 4.586137192323803 0.99980868212878604 1.0637775063514709 4.6702963113784817 1.0610617119818926 18.395415076985955 1.7598354220390309 6.1119432924315316 188.63808956276625 1.8905309848487375 2.5278078904375434
leaf_count=114 28 76 6 34 84 1 44 103 2 526 99 96 20 106 2100 192 701 21621 207 285
internal_value=0 -0.0371411 -0.0461668 0.100201 -0.0474183 -0.0491774 0.0689352 -0.0500872 0.00848802 -0.0502236 -0.0479915 -0.00250034 0.0805347 -0.00347638 -0.0504469 -0.0504445 -0.0504496 -0.0504442 -0.05045 -0.0504461
internal_weight=0 251.663 233.754 35.914 233.125 229.653 3.47213 226.086 3.56697 225.85 20.3357 3.09569 31.5333 2.12484 19.3359 205.514 10.3996 195.115 6.47667 8.63975
internal_count=26445 26277 26201 168 26195 26067 128 25835 232 25834 2302 230 134 202 2203 23532 1178 22354 733 986
is_linear=0
shrinkage=0.05


Tree=4
num_leaves=21
num_cat=0
split_feature=5 3 3 0 6 6 1 6 5 5 6 6 3 6 6 6 6 6 6 6
split_gain=221.817 100.527 42.4679 39.7988 17.9386 4.72508 1.52217 1.47802 1.04527 0.113754 0.0466439 0.945718 0.00465222 0.0023451 6.01524e-06 1.12914e-07 9.85399e-08 2.17624e-07 7.66548e-08 2.12114e-07
threshold=171.50000000000003 11.500000000000002 10.500000000000002 193.50000000000003 25993.000000000004 6237.0000000000009 1.5000000000000002 36234.500000000007 181.50000000000003 215.00000000000003 7989.5000000000009 7945.5000000000009 5.5000000000000009 4825.0000000000009 5770.0000000000009 6453.5000000000009 16577.000000000004 16966.000000000004 8281.5000000000018 8197.0000000000018
decision_type=2 2 2 2 2 2 2 2 2 2 2 2 2 2 2 2 2 2 2 2
left_child=2 3 12 4 5 8 -7 -6 13 -9 11 15 -1 -2 -15 -8 18 -18 19 -12
right_child=1 -3 -4 -5 7 6 10 9 -10 -11 16 -13 -14 14 -16 -17 17 -19 -20 -21
leaf_value=0.078290801703738255 -0.0003460545946594702 0.078290332970107623 0.25169002479412811 0.30128746668772993 0.016010934687440647 0.078290332970107623 -0.050442194613430857 0.099023069334717606 0.078290332970107471 0.077187837708896589 -0.050421892927769565 -0.00048080205287476079 0.076551406155343726 -0.0033982855099899921 -0.0032297456594922711 -0.050423986884620887 -0.050443914317110906 -0.050424139770738778 -0.050422177406195715 -0.050442295144959827
leaf_weight=26.539431497454643 0.97052131593227375 17.539022207260132 3.9713734816759816 0.82177256047725578 1.0636064028367394 0.23077660799026389 0.8950186362490119 1.057022422552109 0.46155321598052967 1.3689832985401151 4.3643092401325694 0.99931337870657344 4.4953166693449047 1.0600771307945251 1.0575451012700796 17.505680936388671 1.6747505664825428 8.2218714887276274 179.51387726515532 1.7991242939606307
leaf_count=115 28 76 33 6 84 1 103 38 2 6 526 99 20 96 106 2100 192 986 21621 207
internal_value=0 -0.0369683 0.0977392 -0.0460307 -0.047315 -0.0491091 -0.0500529 0.0651556 0.00810809 0.0867016 -0.0501907 -0.0478522 0.0780389 -0.00238133 -0.00331412 -0.0504249 -0.0504226 -0.0504275 -0.0504224 -0.0504278
internal_weight=0 240.605 35.0061 223.066 222.244 218.754 215.205 3.48961 3.5497 2.42601 214.974 19.4 31.0347 3.08814 2.11762 18.4007 195.574 9.89662 185.677 6.16343
internal_count=26445 26277 168 26201 26195 26067 25835 128 232 44 25834 2302 135 230 202 2203 23532 1178 22354 733
is_linear=0
shrinkage=0.05


Tree=5
num_leaves=21
num_cat=0
split_feature=5 3 2 0 6 1 6 1 6 6 6 6 6 3 6 6 6 6 6 6
split_gain=208.271 89.6814 43.974 37.941 30.0406 8.48238 2.04154 1.5164 5.33427 0.0371528 0.870585 0.00959794 1.17857 0.00132373 0.0012429 3.97907e-06 9.4122e-08 9.06028e-08 1.84871e-07 5.37281e-08
threshold=171.50000000000003 11.500000000000002 2.5000000000000004 193.50000000000003 25993.000000000004 1.5000000000000002 5770.0000000000009 1.5000000000000002 36234.500000000007 7989.5000000000009 7945.5000000000009 10363.500000000002 10337.500000000002 4.5000000000000009 4825.0000000000009 6237.0000000000009 6453.5000000000009 16577.000000000004 16966.000000000004 8281.5000000000018
decision_type=2 2 2 2 2 2 2 2 2 2 2 2 2 2 2 2 2 2 2 2
left_child=2 3 13 4 5 -2 14 -6 -9 10 15 12 19 -1 -7 -8 -17 -13 -19 -11
right_child=1 -3 -4 -5 7 6 9 8 -10 11 -12 17 -14 -15 -16 16 -18 18 -20 -21
leaf_value=0.076159942442141151 0.076159958808708961 0.076159958808708961 0.25289391535359379 0.2891484586981159 0.073900155311110105 0.0015798558021374186 -0.050507411855860024 0.063539697688008989 0.25167146146181246 -0.050406602001738327 -0.0041996324042946603 -0.050401330044873738 0.009276060164653141 0.075222923350741308 0.0041726920248868673 -0.05042044291173392 -0.05040323635110832 -0.050422075233712726 -0.050403277854074613 -0.0504015805887712
leaf_weight=25.256409168243408 1.3530220985412587 16.461768865585327 3.9858711268752804 0.84613727778196235 1.5125947296619415 0.93555929884314426 0.98458630777896061 0.87647970579564483 0.66088463366031647 5.8464310234412542 1.0795573536306609 109.36542593874037 0.83783472329378028 4.4302815198898342 0.9134848965331912 0.83518770523369568 16.424427330493927 1.5771431289613227 7.6652912618592381 59.968415524810553
leaf_count=112 6 73 35 6 7 27 99 81 36 731 107 13845 106 20 83 101 2070 190 966 7587
internal_value=0 -0.0362541 0.0969569 -0.0449961 -0.0463372 -0.0486238 -0.0494416 0.109443 0.144414 -0.0499143 -0.047828 -0.0501319 -0.0496519 0.0760201 0.0028608 -0.0504096 -0.0504041 -0.0504017 -0.0504065 -0.050402
internal_weight=0 228.144 33.6726 211.682 210.836 207.786 206.433 3.04996 1.53736 204.584 19.3238 185.261 66.6527 29.6867 1.84904 18.2442 17.2596 118.608 9.24243 65.8148
internal_count=26288 26121 167 26048 26042 25918 25912 124 117 25802 2377 23425 8424 132 110 2270 2171 15001 1156 8318
is_linear=0
shrinkage=0.05


Tree=6
num_leaves=21
num_cat=0
split_feature=5 3 3 0 6 1 6 6 6 4 6 6 6 6 6 3 6 6 6 6
split_gain=195.233 84.3403 31.0974 31.0661 27.1961 8.0111 3.90763 2.03112 1.04896 1.73794 0.0389066 0.871248 0.0100685 1.16604 0.00111182 7.58576e-06 3.4199e-06 8.08687e-08 7.78685e-08 1.58981e-07
threshold=171.50000000000003 11.500000000000002 9.5000000000000018 193.50000000000003 25993.000000000004 1.5000000000000002 6901.5000000000009 5770.0000000000009 36234.500000000007 99.500000000000014 7989.5000000000009 7945.5000000000009 10363.500000000002 10337.500000000002 4825.0000000000009 3.5000000000000004 6237.0000000000009 6453.5000000000009 16577.000000000004 16966.000000000004
decision_type=2 2 2 2 2 2 2 2 2 2 2 2 2 2 2 2 2 2 2 2
left_child=2 3 15 4 5 -2 -4 14 -6 -10 11 16 13 -12 -7 -1 -9 -18 -14 -20
right_child=1 -3 6 -5 8 7 -8 10 9 -11 12 -13 18 -15 -16 -17 17 -19 19 -21
leaf_value=0.074241583485362111 0.074241593752382248 0.074241593752382248 0.26314747818561046 0.23576035710370868 0.057772151280779872 0.0014986045072371162 0.17310572169323898 -0.050482416358171849 0.16336236807035229 0.073275015324891765 -0.050382265328874104 -0.0040065281884309077 -0.050381603042046134 0.0087300835828059697 0.0039474952549081047 0.074313145494213556 -0.050399766134887641 -0.050383416452665246 -0.050401322488974082 -0.05038345321495219
leaf_weight=23.310006231069565 1.319434493780135 16.053119674324989 2.036694459617137 0.98169048875570197 1.1034686379134648 0.93693205341696628 2.9505005292594433 0.93701947666705265 1.058067299425602 1.0836842656135559 62.628954030573368 1.0751249538734544 104.07131912652403 0.84551712870597739 0.91721917130053043 4.40259821712971 0.79477281775325792 15.629390146583317 1.5008270461112241 7.2942469972185791
leaf_count=106 6 73 17 6 82 27 24 99 37 5 8318 107 13845 106 83 20 101 2070 190 966
internal_value=0 -0.0360688 0.0949377 -0.0448276 -0.0461967 -0.0485504 0.209877 -0.0493744 0.0973756 0.11778 -0.0498702 -0.0476847 -0.0500987 -0.0495949 0.00271003 0.074253 -0.0503895 -0.0503842 -0.050382 -0.0503865
internal_weight=0 218.231 32.6998 202.178 201.196 197.951 4.98719 196.631 3.24522 2.14175 194.777 18.4363 176.341 63.4745 1.85415 27.7126 17.3612 16.4242 112.866 8.79507
internal_count=26288 26121 167 26048 26042 25918 41 25912 124 42 25802 2377 23425 8424 110 126 2270 2171 15001 1156
is_linear=0
shrinkage=0.05


Tree=7
num_leaves=21
num_cat=0
split_feature=5 3 3 0 6 2 6 6 6 5 6 6 6 6 6 3 6 6 6 6
split_gain=183.015 79.3869 30.0127 26.529 24.9542 7.57107 2.24564 2.02097 0.89743 0.990833 0.0407366 0.871673 0.010562 1.15426 0.000995031 6.06025e-06 2.94023e-06 6.95582e-08 6.69122e-08 1.36648e-07
threshold=171.50000000000003 11.500000000000002 9.5000000000000018 193.50000000000003 25993.000000000004 2.5000000000000004 6901.5000000000009 5770.0000000000009 36234.500000000007 215.00000000000003 7989.5000000000009 7945.5000000000009 10363.500000000002 10337.500000000002 4825.0000000000009 3.5000000000000004 6237.0000000000009 6453.5000000000009 16577.000000000004 16966.000000000004
decision_type=2 2 2 2 2 2 2 2 2 2 2 2 2 2 2 2 2 2 2 2
left_child=2 3 15 4 5 -2 -4 14 -6 -10 11 16 13 -12 -7 -1 -9 -18 -14 -20
right_child=1 -3 6 -5 8 7 -8 10 9 -11 12 -13 18 -15 -16 -17 17 -19 19 -21
leaf_value=0.072507033378317418 0.072507039119943467 0.072507039119943467 0.24802556021414404 0.20158283013805783 0.052510696255800973 0.0014216453333468016 0.1787494770161264 -0.050458673431774549 0.13801726800795605 0.071360483858480581 -0.050363482110520254 -0.0038215666716868834 -0.050362853484343176 0.0082207887554777998 0.0037352949654335024 0.072571862498366821 -0.050380119877479583 -0.05036457568247981 -0.050381594101506902 -0.05036461125245556
leaf_weight=22.689966022968299 1.2843379676341999 15.626111939549444 2.0525069907307616 1.0875945985317219 1.1520104631781571 0.93823590874671825 2.7200978174805641 0.89172936324030772 1.1911819502711298 1.0480083078145979 59.59616260137409 1.0709129832684983 99.031626740470529 0.85281067527830501 0.92076568491756916 4.2857814133167258 0.75629869708791275 14.872557019349186 1.4281757129356245 6.9410326792858541
leaf_count=106 6 73 17 6 82 27 24 99 37 5 8318 107 13845 106 83 20 101 2070 190 966
internal_value=0 -0.0358903 0.0929654 -0.0446637 -0.0460588 -0.0484761 0.208542 -0.0493057 0.0883707 0.10682 -0.0498257 -0.0475366 -0.0500657 -0.049537 0.0025676 0.0725173 -0.0503704 -0.0503653 -0.0503632 -0.0503675
internal_weight=0 208.69 31.7484 193.063 191.976 188.585 4.7726 187.3 3.3912 2.23919 185.441 17.5915 167.85 60.449 1.859 26.9757 16.5206 15.6289 107.401 8.36921
internal_count=26288 26121 167 26048 26042 25918 41 25912 124 42 25802 2377 23425 8424 110 126 2270 2171 15001 1156
is_linear=0
shrinkage=0.05


Tree=8
num_leaves=21
num_cat=0
split_feature=5 3 3 0 6 1 6 6 6 1 6 6 6 6 6 3 6 6 6 6
split_gain=171.643 74.7741 28.6002 23.2439 22.2851 7.15927 2.01107 0.956969 0.766422 0.772154 0.0426456 0.871862 0.0110795 1.14315 0.000890911 4.86844e-06 2.52737e-06 5.97683e-08 5.75911e-08 1.17407e-07
threshold=171.50000000000003 11.500000000000002 9.5000000000000018 57.500000000000007 25993.000000000004 1.5000000000000002 5770.0000000000009 6901.5000000000009 36234.500000000007 1.5000000000000002 7989.5000000000009 7945.5000000000009 10363.500000000002 10337.500000000002 4825.0000000000009 3.5000000000000004 6237.0000000000009 6453.5000000000009 16577.000000000004 16966.000000000004
decision_type=2 2 2 2 2 2 2 2 2 2 2 2 2 2 2 2 2 2 2 2
left_child=2 3 15 4 5 -2 14 -4 -6 -10 11 16 13 -12 -7 -1 -8 -18 -14 -20
right_child=1 -3 7 -5 8 6 10 -9 9 -11 12 -13 18 -15 -16 -17 17 -19 19 -21
leaf_value=0.070932868422170475 0.070932879749884409 0.070932879749884409 0.23122110052939507 0.16370110184588332 0.045629477037257546 0.0013487363374262134 -0.050436102652448404 0.18536971156342186 0.069666680060326613 0.12725342717784063 -0.050345629532107278 -0.0036444680050126757 -0.05034503197123285 0.0077451924924309551 0.0035352617246559195 0.070991809868652084 -0.050361443106080928 -0.050346672153700658 -0.050362843578051479 -0.050346706090922982
leaf_weight=22.050052255392082 1.2481163442134846 15.185415521264074 2.0906786248087874 1.3309071511030186 1.0385559238493436 0.93947428464889415 0.8486091988161214 2.4972528703510761 1.2145373970270157 1.1178763881325722 56.709217282012105 1.066910480149091 94.234304744750261 0.85973520576953788 0.92413379065692425 4.1651680022478095 0.71967363124713202 14.152118404861538 1.359015805646776 6.6048036515712738
leaf_count=106 6 73 17 7 81 27 99 24 6 36 8318 107 13845 106 83 20 101 2070 190 966
internal_value=0 -0.0357133 0.0910975 -0.0444972 -0.0460111 -0.0484008 -0.0492356 0.206264 0.0813579 0.0972668 -0.049781 -0.0473837 -0.0500329 -0.0494781 0.002433 0.0709422 -0.0503522 -0.0503474 -0.0503454 -0.0503495
internal_weight=0 199.553 30.8032 184.368 183.037 179.666 178.418 4.58793 3.37097 2.33241 176.554 16.7873 159.767 57.569 1.86361 26.2152 15.7204 14.8718 102.198 7.96382
internal_count=26288 26121 167 26048 26041 25918 25912 41 123 42 25802 2377 23425 8424 110 126 2270 2171 15001 1156
is_linear=0
shrinkage=0.05


Tree=9
num_leaves=21
num_cat=0
split_feature=1 3 6 0 6 6 6 0 6 6 6 6 6 6 6 6 6 6 6 6
split_gain=118.936 55.6826 34.403 14.2899 14.1559 1.62919 4.25684 1.42475 1.00366 0.970327 0.909662 0.572713 0.492929 0.386916 1.14482 0.383181 0.932 0.297888 0.686925 0.109052
threshold=1.5000000000000002 11.500000000000002 5770.0000000000009 193.50000000000003 25993.000000000004 16577.000000000004 16966.000000000004 57.500000000000007 36234.500000000007 4825.0000000000009 6901.5000000000009 16751.500000000004 6769.5000000000009 8281.5000000000018 8236.5000000000018 19522.000000000004 20556.000000000004 6453.5000000000009 6237.0000000000009 7488.5000000000009
decision_type=2 2 2 2 2 2 2 2 2 2 2 2 2 2 2 2 2 2 2 2
left_child=-1 2 7 4 5 10 11 9 -6 -2 12 -7 17 14 19 -8 -17 18 -4 -12
right_child=1 -3 3 -5 8 6 15 -9 -10 -11 13 -13 -14 -15 -16 16 -18 -19 -20 -21
leaf_value=0.068961905051867653 0.11090694203107188 0.068269500054903273 -0.050414652374985991 0.21213604927473734 0.041415550437131188 0.082801123820150258 -0.05032793942944818 0.1577170932000187 0.10702523556029507 0.049336398633421243 -0.050327934052514844 0.020074906608280818 0.010477003281372707 -0.049614129970958508 0.021011107589743928 0.023505366943300937 -0.050327931234284709 -0.050327932649648736 0.016045273623791847 -0.041589741932062427
leaf_weight=32.960496172308922 1.7821953184902666 12.424156717956064 0.80755682475864865 0.54041832685470481 1.0857251007109872 0.74882196728140005 4.4991050264798105 1.0268944501876829 1.2585949301719666 0.99836472701281298 5.1982177346944871 0.7079157829284668 0.8184317061677574 139.75393873080611 0.69865418830886383 0.67502038879320014 1.165226614102721 1.3788455422036348 0.74979711789637804 11.40267739491537
leaf_count=168 32 68 99 3 81 96 695 5 36 84 803 97 112 21539 96 92 180 213 102 1687
internal_value=0 -0.034019 -0.0412687 -0.0445692 -0.0453807 -0.0470773 -0.0247551 0.107387 0.0766394 0.0887999 -0.0481595 0.0523187 -0.0238377 -0.048741 -0.0416872 -0.0424661 -0.0232452 -0.0334025 -0.0184171 -0.0443259
internal_weight=0 187.721 175.296 171.489 170.949 168.604 7.79609 3.80745 2.34432 2.78056 160.808 1.45674 3.75463 157.053 17.2995 6.33935 1.84025 2.9362 1.55735 16.6009
internal_count=26288 26120 26052 25931 25928 25811 1160 121 117 116 24651 193 526 24125 2586 967 272 414 201 2490
is_linear=0
shrinkage=0.05


Tree=10
num_leaves=21
num_cat=0
split_feature=1 3 6 0 6 6 6 6 6 6 6 6 6 6 6 6 6 6 6 6
split_gain=126.762 51.6055 17.4056 12.3727 5.52318 0.762882 0.737154 1.66095 0.292185 1.04672 0.185292 1.06302 0.168229 0.947672 0.0559993 1.46242 0.0567426 2.40016 0.0739174 1.21239
threshold=1.5000000000000002 11.500000000000002 4825.0000000000009 193.50000000000003 36234.500000000007 5770.0000000000009 16577.000000000004 16966.000000000004 7539.5000000000009 7488.5000000000009 19522.000000000004 20556.000000000004 6901.5000000000009 6769.5000000000009 11829.500000000002 11800.500000000002 10387.500000000002 10337.500000000002 8281.5000000000018 8236.5000000000018
decision_type=2 2 2 2 2 2 2 2 2 2 2 2 2 2 2 2 2 2 2 2
left_child=-1 2 -2 4 5 -4 8 -8 9 12 -9 -12 13 -7 15 16 17 18 19 -10
right_child=1 -3 3 -5 -6 6 7 10 14 -11 11 -13 -14 -15 -16 -17 -18 -19 -20 -21
leaf_value=0.067674221844949631 0.11319872463664687 0.067096110257203356 -0.006108505444774974 0.18114966032828561 0.050186476624719478 -0.050345019514872004 0.013089040108071853 -0.050311840174539768 -0.050332663578157168 0.017348028069179362 0.019006678958722021 -0.050520134653928829 -0.050311838139151188 0.011385243609887711 -0.050312067370502561 0.026603100303316297 -0.050312404728198035 0.013156735982670377 -0.050312405388297746 0.0150957815107451
leaf_weight=34.492472872138023 1.7438703551888455 11.160315975546835 1.1175115769729007 0.5994696319103231 1.4665449634194363 2.7163665024563639 1.5707912598736564 4.262536559253931 10.05913958791643 0.73676936095580536 0.71862466679886017 2.3396515571512282 5.3035020902752876 0.8062717206776141 48.671961732208729 0.64846290647983451 35.759429540485144 1.5725097423419345 46.848147615790367 0.76163215469569046
leaf_count=182 27 63 90 3 38 403 205 692 1558 106 96 271 861 109 7896 98 5795 219 7592 103
internal_value=0 -0.0370132 -0.0439415 -0.0455927 -0.0464147 -0.0472791 -0.0475617 -0.0335639 -0.0483705 -0.0399066 -0.043574 -0.0341829 -0.044686 -0.036216 -0.0489314 -0.0482288 -0.0487396 -0.0477902 -0.0494521 -0.0457274
internal_weight=0 178.864 167.703 165.959 165.36 163.893 162.776 8.8916 153.884 9.56291 7.32081 3.05828 8.82614 3.52264 144.321 95.6493 95.0009 59.2414 57.6689 10.8208
internal_count=26407 26225 26162 26135 26132 26094 26004 1264 24740 1479 1059 367 1373 512 23261 15365 15267 9472 9253 1661
is_linear=0
shrinkage=0.05


Tree=11
num_leaves=21
num_cat=0
split_feature=5 3 3 1 0 6 6 6 6 6 6 6 3 6 6 6 6 6 6 1
split_gain=147.476 65.4521 20.8149 11.603 11.1494 5.50801 0.963627 0.00865592 1.13411 6.64281e-05 3.5249e-05 1.9967e-06 1.74842e-06 1.30984e-06 7.25515e-06 1.40247e-06 1.06428e-06 2.00202e-06 7.24248e-07 5.29838e-07
threshold=171.50000000000003 11.500000000000002 9.5000000000000018 1.5000000000000002 193.50000000000003 36234.500000000007 4825.0000000000009 10363.500000000002 10337.500000000002 25993.000000000004 5770.0000000000009 8281.5000000000018 2.5000000000000004 7945.5000000000009 7989.5000000000009 6237.0000000000009 16577.000000000004 16966.000000000004 8236.5000000000018 1.5000000000000002
decision_type=2 2 2 2 2 2 2 2 2 2 2 2 2 2 2 2 2 2 2 2
left_child=2 3 12 -2 5 6 -5 8 10 16 -8 13 -1 15 -15 -12 -9 -18 -16 -3
right_child=1 19 -4 4 -6 -7 7 9 -10 -11 11 -13 -14 14 18 -17 17 -19 -20 -21
leaf_value=0.067009156408719003 0.065607043050876959 0.067009169467292268 0.1906063161874646 0.00074311047370328835 0.15942354485091723 0.045475245301036832 -0.050596725852998049 -0.050297231102657373 0.0072477814889079731 -0.050682551306748626 -0.050374906324637474 -0.050297073707398658 0.067040980774572476 -0.050462384051368742 -0.050301560646378099 -0.050304444906150228 -0.050369183346059027 -0.050303971373820436 -0.05035642869637115 0.067030789708505789
leaf_weight=20.076608747243888 2.2832793593406668 3.9774419814348212 3.9303550347685805 0.94181165099143882 0.64576756954193015 1.5356612876057614 1.037259941920637 81.6271184803918 0.86732733063399692 1.1425789501518 0.74607920646667736 44.576575636863708 5.4976962357759467 0.95329460687935252 3.7351905656978488 13.21325387759134 1.4755700342357148 5.8153371447697282 0.71686193346977223 9.8550640940666181
leaf_count=106 13 21 38 22 3 38 89 13896 110 86 101 7592 29 105 627 2202 203 972 102 52
internal_value=0 -0.0373553 0.0834796 -0.0463058 -0.0479126 -0.048758 -0.0496806 -0.0499852 -0.0495495 -0.0503037 -0.0503076 -0.0503029 0.067016 -0.0503163 -0.0503372 -0.0503082 -0.0502989 -0.0503172 -0.0503104 0.0670246
internal_weight=0 175.145 29.5047 161.313 159.03 158.384 156.848 155.906 65.8458 90.0606 64.9785 63.9413 25.5743 19.3647 5.40535 13.9593 88.918 7.29091 4.45205 13.8325
internal_count=26407 26234 173 26161 26148 26145 26107 26085 10928 15157 10818 10729 135 3137 834 2303 15071 1175 729 73
is_linear=0
shrinkage=0.05


Tree=12
num_leaves=21
num_cat=0
split_feature=5 7 1 2 0 6 6 8 6 6 6 6 6 6 6 6 6 6 6 6
split_gain=138.875 38.6431 28.5533 15.9367 10.5187 7.98194 3.19818 1.95263 0.961371 0.00908996 1.12445 0.00108741 5.70988e-05 3.03009e-05 1.71693e-06 1.12632e-06 6.23732e-06 1.20589e-06 9.14887e-07 1.7214e-06
threshold=171.50000000000003 13.500000000000002 1.5000000000000002 1.0000000180025095e-35 193.50000000000003 36234.500000000007 6901.5000000000009 93.500000000000014 4825.0000000000009 10363.500000000002 10337.500000000002 36234.500000000007 25993.000000000004 5770.0000000000009 8281.5000000000018 7945.5000000000009 7989.5000000000009 6237.0000000000009 16577.000000000004 16966.000000000004
decision_type=2 2 2 2 2 2 2 2 2 2 2 2 2 2 2 2 2 2 2 2
left_child=3 2 -2 11 5 7 -5 8 -4 10 13 -1 18 -10 15 17 -17 -15 -11 -20
right_child=1 -3 4 6 -6 -7 -8 -9 9 12 -12 -13 -14 14 -16 16 -18 -19 19 -21
leaf_value=0.065907064448243111 0.06542517351695433 0.065926669050678219 0.00070546649896774025 0.13275959226751763 0.12690670744034008 0.047666838096032976 0.21748252440558141 0.065926617045914238 -0.050567282066033128 -0.050282653555896964 0.0068351727303229918 0.065028185200919172 -0.05064881906394867 -0.050356488572981528 -0.050282502098573927 -0.050439629213153717 -0.050295166931088424 -0.050289509296048709 -0.050351047746607196 -0.050289058220584271
leaf_weight=19.592048108577735 5.8659151792526236 8.6113376468420011 0.9424489438533773 2.7366892397403708 0.86469869315624137 2.1504759415984145 1.8784529082477091 0.36643928289413352 0.98723215330392022 77.668062114156783 0.87353532202541728 4.2901160269975653 1.0875603165477503 0.70994552876800554 42.414530802518129 0.9072006493806829 4.2361733093857765 12.572474530432372 1.4040984376333643 5.5333187468349934
leaf_count=107 33 47 22 19 4 41 22 2 89 13896 110 25 86 101 7592 105 729 2202 203 972
internal_value=0 -0.0372279 -0.0428293 0.0821862 -0.0469874 -0.0479776 0.167243 -0.0493515 -0.0496344 -0.0499541 -0.0494966 0.0657492 -0.0502888 -0.0502925 -0.050288 -0.0503008 -0.0503206 -0.0502931 -0.0502842 -0.0503016
internal_weight=0 167.195 158.584 28.4973 152.718 151.853 4.61514 149.703 149.337 148.394 62.7011 23.8822 85.693 61.8276 60.8403 18.4258 5.14337 13.2824 84.6055 6.93742
internal_count=26407 26234 26187 173 26154 26150 41 26109 26107 26085 10928 132 15157 10818 10729 3137 834 2303 15071 1175
is_linear=0
shrinkage=0.05


Tree=13
num_leaves=21
num_cat=0
split_feature=5 3 3 2 0 6 6 6 6 3 6 6 0 6 6 6 6 6 6 6
split_gain=130.86 58.4868 23.8719 10.3945 9.17566 4.99058 0.959141 0.00954466 1.11531 0.00417144 4.90841e-05 2.60497e-05 3.25523e-06 1.47702e-06 1.17696e-06 9.6821e-07 5.36291e-06 1.03679e-06 7.87167e-07 1.48004e-06
threshold=171.50000000000003 11.500000000000002 10.500000000000002 2.5000000000000004 193.50000000000003 36234.500000000007 4825.0000000000009 10363.500000000002 10337.500000000002 3.5000000000000004 25993.000000000004 5770.0000000000009 105.50000000000001 8281.5000000000018 25993.000000000004 7945.5000000000009 7989.5000000000009 6237.0000000000009 16577.000000000004 16966.000000000004
decision_type=2 2 2 2 2 2 2 2 2 2 2 2 2 2 2 2 2 2 2 2
left_child=2 3 9 -2 5 6 -5 8 11 -1 18 -8 14 15 -3 17 -17 -13 -9 -20
right_child=1 12 -4 4 -6 -7 7 10 -10 -11 -12 13 -14 -15 -16 16 -18 -19 19 -21
leaf_value=0.064893371205558464 0.063709642834048716 0.064908058321242509 0.21341383002436462 0.00066975239339661262 0.13218383254186697 0.037307740649213092 -0.050539309010137791 -0.050268790422069311 0.006448743303382392 0.063120112699911829 -0.050616774814133472 -0.050338979770447295 0.064866102101441017 -0.050268646405633388 0.064944260844459867 -0.050418004493239646 -0.050280686480971462 -0.050275312723740209 -0.050333809899952453 -0.050274884642329626
leaf_weight=20.512582361698158 2.1245538964867583 5.6616604030132276 3.0287290513515464 0.94305435568094154 0.70548966526985069 1.6717693880200375 0.93959095049649377 73.900004729162902 0.87943003512918849 3.9561542943119994 1.0351577848196019 0.67555000493303197 3.5327869057655326 40.35678793862462 3.720240592956543 0.86331672035157581 4.0307039152830839 11.962599946185945 1.3360656495206047 5.2649022629484534
leaf_count=116 13 32 31 22 3 38 89 13896 110 26 86 101 20 7592 21 105 729 2202 203 972
internal_value=0 -0.037101 0.0809971 -0.0460819 -0.0476955 -0.0485776 -0.0495874 -0.0499229 -0.0494426 0.0646067 -0.0502747 -0.0502781 0.064907 -0.0502739 0.0649224 -0.050286 -0.0503049 -0.0502787 -0.0502703 -0.0502868
internal_weight=0 159.604 27.4975 146.689 144.564 143.859 142.187 141.244 59.708 24.4687 81.5361 58.8285 12.9147 57.889 9.3819 17.5322 4.89402 12.6381 80.501 6.60097
internal_count=26407 26234 173 26161 26148 26145 26107 26085 10928 142 15157 10818 73 10729 53 3137 834 2303 15071 1175
is_linear=0
shrinkage=0.05


Tree=14
num_leaves=21
num_cat=0
split_feature=5 3 3 1 0 6 6 6 6 3 6 6 0 6 6 6 6 6 6 6
split_gain=123.003 55.3134 20.6179 9.84471 8.39148 4.79305 0.956928 0.0100211 1.10664 0.00336865 4.21959e-05 2.23954e-05 2.67159e-06 1.26989e-06 9.68639e-07 8.32868e-07 4.61141e-06 8.91639e-07 6.76682e-07 1.2728e-06
threshold=171.50000000000003 11.500000000000002 10.500000000000002 1.5000000000000002 193.50000000000003 36234.500000000007 4825.0000000000009 10363.500000000002 10337.500000000002 3.5000000000000004 25993.000000000004 5770.0000000000009 105.50000000000001 8281.5000000000018 25993.000000000004 7945.5000000000009 7989.5000000000009 6237.0000000000009 16577.000000000004 16966.000000000004
decision_type=2 2 2 2 2 2 2 2 2 2 2 2 2 2 2 2 2 2 2 2
left_child=2 3 9 -2 5 6 -5 8 11 -1 18 -8 14 15 -3 17 -17 -13 -9 -20
right_child=1 12 -4 4 -6 -7 7 10 -10 -11 -12 13 -14 -15 -16 16 -18 -19 19 -21
leaf_value=0.063957585032826822 0.062871860834938578 0.063971139349458611 0.20206734219218991 0.00063586640695197387 0.12201002970892355 0.034233418151308689 -0.050512727060040744 -0.050255616092884717 0.0060865474364230647 0.062333932180759749 -0.050586332421038487 -0.050322339716912051 0.063932460920703482 -0.050255477738814169 0.064004575364030605 -0.050397457632868473 -0.050266924583391687 -0.050261812211085694 -0.050317425338396428 -0.05026140619419104
leaf_weight=19.790377661585815 2.047181472182273 5.4624019563198072 3.0387176275253287 0.9436294436454763 0.72553378343582053 1.7292488291859616 0.89422501530498166 70.313826430588961 0.88502724654972453 3.809464991092681 0.98525017313659091 0.64281018823385494 3.4083140045404425 38.398369342088699 3.5894318073987961 0.82153867464512487 3.8351473389193416 11.38215631013736 1.2713083112612356 5.0094389701262116
leaf_count=116 13 32 31 22 3 38 89 13896 110 26 86 101 20 7592 21 105 729 2202 203 972
internal_value=0 -0.0369772 0.0794799 -0.045969 -0.0475855 -0.0484829 -0.0495395 -0.0498916 -0.0493874 0.0636955 -0.0502612 -0.0502645 0.0639702 -0.0502605 0.0639844 -0.050272 -0.05029 -0.050265 -0.050257 -0.0502727
internal_weight=0 152.345 26.6386 139.885 137.838 137.112 135.383 134.439 56.8593 23.5998 77.5798 55.9742 12.4601 55.08 9.05183 16.6817 4.65669 12.025 76.5946 6.28075
internal_count=26407 26234 173 26161 26148 26145 26107 26085 10928 142 15157 10818 73 10729 53 3137 834 2303 15071 1175
is_linear=0
shrinkage=0.05


Tree=15
num_leaves=21
num_cat=0
split_feature=5 3 6 2 0 1 6 6 6 5 6 6 6 3 7 6 6 6 6 6
split_gain=108.388 52.4493 17.13 16.9815 10.5053 4.91092 3.44755 0.319838 0.0174005 0.0155642 0.0109964 1.1857 0.0055212 0.00221526 9.63753e-06 7.50399e-07 7.88379e-07 3.68488e-06 5.18523e-07 1.07689e-06
threshold=171.50000000000003 11.500000000000002 25993.000000000004 2.5000000000000004 193.50000000000003 1.5000000000000002 6237.0000000000009 5770.0000000000009 4825.0000000000009 215.00000000000003 10363.500000000002 10337.500000000002 36234.500000000007 3.5000000000000004 34.500000000000007 8281.5000000000018 7945.5000000000009 7989.5000000000009 16577.000000000004 16966.000000000004
decision_type=2 2 2 2 2 2 2 2 2 2 2 2 2 2 2 2 2 2 2 2
left_child=3 2 4 13 5 -2 7 8 -7 12 11 15 -4 -1 -3 16 -8 -18 -12 -20
right_child=1 14 9 -5 -6 6 10 -9 -10 -11 18 -13 -14 -15 -16 -17 17 -19 19 -21
leaf_value=0.063092787851789053 0.063145175229277692 0.063201838376360217 0.058467854460328754 0.1876588172632849 0.092698201308115166 -0.0038093093413061573 -0.050248878347172982 0.044594525495429888 0.0057380167391946138 0.062418457316132672 -0.050243080305191617 0.010151355604610616 0.053941069220235796 0.061762216740012754 0.06310781834880326 -0.050242955217956214 -0.050377918950910754 -0.050253895172254384 -0.050301528574636906 -0.050248036070699914
leaf_weight=18.254316970705993 0.98902517557144065 3.9645574390888205 1.0256169699132434 3.1109856106340876 1.343540385365485 1.0300099253654473 10.707747722044585 0.52686458732932795 0.88927636574953783 1.1144459992647169 66.986510155722499 0.82559005916118522 1.9624538011848927 3.7750642448663703 8.72187691926956 36.443101594690233 0.71475854516029258 3.6946923807263374 1.1667380705475796 4.8599981172010303
leaf_count=111 6 24 85 33 6 24 2178 87 93 7 13914 102 41 26 53 7573 96 738 196 993
internal_value=0 -0.0340405 -0.0432216 0.0783074 -0.0463919 -0.0478424 -0.048701 0.010087 0.00061432 0.0573756 -0.0498477 -0.049295 0.0554948 0.0628648 0.0631372 -0.0502468 -0.0502562 -0.050274 -0.0502443 -0.0502584
internal_weight=0 146.967 134.28 25.1404 130.178 128.834 127.845 2.44615 1.91929 4.10252 125.399 52.3859 2.98807 22.0294 12.6864 51.5603 15.1172 4.40945 73.0132 6.02674
internal_count=26386 26216 26139 170 26006 26000 25994 204 117 133 25790 10687 126 137 77 10585 3012 834 15103 1189
is_linear=0
shrinkage=0.05


Tree=16
num_leaves=21
num_cat=0
split_feature=1 3 6 6 0 6 6 0 6 6 6 6 6 6 6 6 6 6 6 6
split_gain=79.9052 37.9913 19.0764 10.6456 4.73526 1.09927 4.31647 0.904149 0.238388 0.145773 1.16293 0.0892229 1.35726 0.050464 1.58144 0.0774048 2.50458 0.0417519 0.0376759 0.00379484
threshold=1.5000000000000002 11.500000000000002 6453.5000000000009 25993.000000000004 193.50000000000003 16577.000000000004 16966.000000000004 57.500000000000007 16751.500000000004 8281.5000000000018 8236.5000000000018 7539.5000000000009 7488.5000000000009 11829.500000000002 11800.500000000002 10337.500000000002 10387.500000000002 6237.0000000000009 10363.500000000002 36234.500000000007
decision_type=2 2 2 2 2 2 2 2 2 2 2 2 2 2 2 2 2 2 2 2
left_child=-1 2 7 4 5 9 8 17 -7 10 11 12 -4 14 15 -11 18 -2 -17 -5
right_child=1 -3 3 19 -6 6 -8 -9 -10 13 -12 -13 -14 -15 -16 16 -18 -19 -20 -21
leaf_value=0.061968114968461656 0.043088472446081445 0.061823438772583596 -0.05023525999429107 0.05252582627036232 0.10763360091220944 0.064838276186666211 -0.050235881467089773 0.088577132520061164 0.024645875807556863 -0.050231050676457362 0.019412439832572799 -0.050244916844184154 0.02717278013715925 -0.050230799946975782 0.034169321464172515 0.0095454569873197857 -0.050231055456157185 0.028935957167350208 0.025620404665047072 0.048705482599131406
leaf_weight=26.530845865607262 3.3649136195890601 9.8602377697825414 5.3547948691993916 0.96977410465478819 0.49742770195007224 0.84790313988923915 4.6240634326823056 1.3251733034849165 0.65308156609535217 34.673760260920972 0.70214549498632628 7.4552331687882543 0.63324913941323746 36.219056692905724 0.58172810263931651 0.8338747546076799 26.519303441047668 0.61663273395970453 0.64757496723905206 1.9714624509215355
leaf_count=175 208 73 1152 84 2 102 993 6 97 7573 106 1561 100 7919 95 102 5792 96 110 40
internal_value=0 -0.0327596 -0.0400178 -0.0440165 -0.0463154 -0.0469549 -0.0263217 0.0528032 0.0473505 -0.0480672 -0.0433179 -0.0465943 -0.0420492 -0.0487425 -0.0478904 -0.048652 -0.0466967 0.0408966 0.0165722 0.0499651
internal_weight=0 138.351 128.491 123.184 120.243 119.746 6.12505 5.30672 1.50098 113.621 14.1454 13.4433 5.98804 99.4753 63.2562 62.6745 28.0008 3.98155 1.48145 2.94124
internal_count=26386 26211 26138 25828 25704 25702 1192 310 199 24510 2919 2813 1252 21591 13672 13577 6004 304 212 124
is_linear=0
shrinkage=0.05


Tree=17
num_leaves=21
num_cat=0
split_feature=5 3 1 6 0 1 6 6 1 6 6 6 3 6 7 6 6 6 6 6
split_gain=97.2493 46.8656 15.3791 15.154 9.21441 4.41432 3.24563 0.261177 0.0771221 0.0150412 0.0120861 1.15935 0.00324694 0.00261104 6.62289e-06 8.21931e-07 2.14572e-06 8.13389e-07 6.22404e-07 2.55529e-06
threshold=171.50000000000003 11.500000000000002 1.5000000000000002 25993.000000000004 193.50000000000003 1.5000000000000002 6237.0000000000009 5770.0000000000009 1.5000000000000002 4825.0000000000009 10363.500000000002 10337.500000000002 3.5000000000000004 36234.500000000007 34.500000000000007 16577.000000000004 16966.000000000004 8281.5000000000018 7945.5000000000009 7989.5000000000009
decision_type=2 2 2 2 2 2 2 2 2 2 2 2 2 2 2 2 2 2 2 2
left_child=2 3 12 4 5 -2 7 9 -5 -7 11 17 -1 -10 -3 -12 -17 18 -8 -20
right_child=1 14 -4 8 -6 6 10 -9 13 -11 15 -13 -14 -15 -16 16 -18 -19 19 -21
leaf_value=0.061553638975549399 0.061599265355831635 0.061649339849019727 0.18434345138978459 0.060178706945221754 0.086095501511641248 -0.0056051331993350693 -0.050227368627395352 0.036696717930716376 0.047340760894994179 0.0030860313679628376 -0.050220198765618618 0.008981234306492893 0.059923979217679529 0.044248076527259893 0.061568403887833668 -0.050300720815684256 -0.050224322262924517 -0.050219732904157932 -0.050341740500023657 -0.050233308712812723
leaf_weight=16.924049392342575 0.91706609725952049 3.6766718178987494 2.89337752200663 1.2082241624593733 1.301686793565749 1.0674262940883634 9.7696862397715432 0.57450578548014153 1.0207872726023191 0.9328724993392824 60.717216172721237 0.84173947758972545 3.73013075813651 2.0591599121689796 8.0872996896505338 1.1617474332451809 4.3995318468660116 32.989945990033448 0.64726687967777152 3.38373191235587
leaf_count=111 6 24 28 9 6 24 2178 87 84 93 13914 102 31 40 53 196 993 7573 96 738
internal_value=0 -0.0337483 0.0763831 -0.0428676 -0.0462034 -0.0476702 -0.0485305 0.00698239 0.0494729 -0.00155186 -0.0497853 -0.0491777 0.0612593 0.0452731 0.0615937 -0.0502219 -0.0502403 -0.050224 -0.0502342 -0.0502507
internal_weight=0 134.757 23.5476 122.993 118.704 117.403 116.486 2.5748 4.28817 2.0003 113.911 47.6324 20.6542 3.07995 11.764 66.2785 5.56128 46.7906 13.8007 4.031
internal_count=26386 26216 170 26139 26006 26000 25994 204 133 117 25790 10687 142 124 77 15103 1189 10585 3012 834
is_linear=0
shrinkage=0.05


Tree=18
num_leaves=21
num_cat=0
split_feature=5 3 6 1 6 1 1 6 6 6 6 6 3 6 6 6 7 6 6 6
split_gain=91.2595 44.2838 14.3066 12.4801 7.72564 2.83002 0.115166 0.0770275 1.85804 0.0696829 0.0294848 0.748325 0.00265488 0.00248286 0.00181176 0.000159777 5.5213e-06 7.84712e-07 7.07177e-07 1.84539e-06
threshold=171.50000000000003 11.500000000000002 25993.000000000004 1.5000000000000002 6237.0000000000009 1.5000000000000002 1.5000000000000002 10363.500000000002 10310.500000000002 5770.0000000000009 8236.5000000000018 8197.0000000000018 3.5000000000000004 10337.500000000002 36234.500000000007 4825.0000000000009 34.500000000000007 8281.5000000000018 16577.000000000004 16966.000000000004
decision_type=2 2 2 2 2 2 2 2 2 2 2 2 2 2 2 2 2 2 2 2
left_child=3 2 4 12 9 -6 -4 8 10 15 11 -7 -1 -10 -8 -2 -3 -12 -9 -20
right_child=1 16 6 -5 5 7 14 18 13 -11 17 -13 -14 -15 -16 -17 -18 -19 19 -21
leaf_value=0.06086391281831266 0.021539658451922544 0.060952988462417423 0.059590604283468601 0.17048364824630849 0.060907234702309181 -0.050220673943688503 0.042892451265179488 -0.050209413357668042 0.0044025015037375383 0.038997243369864876 -0.050268773353107823 0.0037479703602770228 0.05936018437577039 0.0084551799040300784 0.040372165741886325 0.022292742510179722 0.060877636163885418 -0.05020896894087537 -0.05028597135997312 -0.05021333712455265
leaf_weight=16.276445895433433 1.7363032847642894 3.5362969487905485 1.1603527143597601 2.9700850546360007 0.58803987503051658 12.143601454794403 1.0689986720681184 57.768097896594554 0.6809936650097359 0.74269376136362542 0.55840324843302624 0.67818513140082437 3.5810547247529021 0.84920588694512844 2.1417558267712593 1.1850026212632656 7.7779458910226822 30.956519183237106 1.1054043266922224 4.1858566775918007
leaf_count=111 28 24 9 28 4 2809 84 13914 105 88 105 99 31 102 40 94 53 7469 196 993
internal_value=0 -0.0335755 -0.042669 0.0748906 -0.046097 -0.0484865 0.0460902 -0.049077 -0.047518 0.0253219 -0.0493876 -0.0473661 0.0605927 0.00665159 0.0412113 0.0218451 0.0609012 -0.05021 -0.050211 -0.0502285
internal_weight=0 128.864 117.549 22.8276 113.178 109.514 4.37111 108.926 45.8669 3.664 44.3367 12.8218 19.8575 1.5302 3.21075 2.92131 11.3142 31.5149 63.0594 5.29126
internal_count=26386 26216 26139 170 26006 25796 133 25792 10689 210 10482 2908 142 207 124 122 77 7574 15103 1189
is_linear=0
shrinkage=0.05


Tree=19
num_leaves=21
num_cat=0
split_feature=5 3 6 1 0 6 1 6 1 5 6 1 6 6 6 3 6 7 6 6
split_gain=85.6347 41.8161 13.5759 10.1341 8.59972 4.12266 1.36353 0.451833 0.774617 0.319742 0.206109 0.152624 0.0132468 1.13593 0.0132388 0.00217674 0.00126476 4.61173e-06 6.63533e-07 1.53411e-06
threshold=171.50000000000003 11.500000000000002 22178.000000000004 1.5000000000000002 193.50000000000003 6237.0000000000009 1.5000000000000002 25993.000000000004 1.5000000000000002 181.50000000000003 5770.0000000000009 1.5000000000000002 10363.500000000002 10337.500000000002 4825.0000000000009 3.5000000000000004 36234.500000000007 34.500000000000007 16577.000000000004 16966.000000000004
decision_type=2 2 2 2 2 2 2 2 2 2 2 2 2 2 2 2 2 2 2 2
left_child=3 2 4 15 5 9 -7 8 -4 10 14 -9 13 -8 -2 -1 -13 -3 -14 -20
right_child=1 17 7 -5 -6 6 12 11 -10 -11 -12 16 18 -15 -16 -17 -18 -19 19 -21
leaf_value=0.060222418364906827 -0.006315800289622058 0.060305430869039202 0.06026272861992156 0.15831294038480703 0.08315272247311041 0.060262728619921768 -0.05020282657171337 0.059041439921965783 -0.050198328786659266 0.060580254554143932 0.030410189742041373 0.039037568362350589 -0.050199159486569028 0.0079641799077772111 0.0017569613911597307 0.058832610327883908 0.036973263195756105 0.060235186831763411 -0.050271943002054301 -0.050203344120143448
leaf_weight=15.643362998962406 1.0829478800296786 3.3990318924188596 0.28259551525115967 3.0366765689104787 1.2696577012538899 0.28259551525115867 42.400746874976903 1.1137673482298849 0.36204218491911788 0.28827877342700947 0.61903323093429197 1.1145883128046992 54.961655113380402 0.85629440657794376 0.9563523307442664 3.4361756891012201 2.219598326832056 7.4755157232284546 1.0517791174352158 3.620475553907454
leaf_count=111 24 24 2 28 6 2 10585 9 92 2 87 84 13914 102 93 31 40 53 196 901
internal_value=0 -0.0333689 -0.0424205 0.0734748 -0.0462031 -0.0477508 -0.0494163 0.0373466 -0.00177454 0.0105645 0.00514063 0.0430164 -0.0497175 -0.0490514 -0.00252999 0.0599721 0.0376633 0.0602571 -0.0502007 -0.0502188
internal_weight=0 123.357 112.482 22.1162 107.39 106.12 103.174 5.09259 0.644638 2.94661 2.65833 4.44795 102.891 43.257 2.0393 19.0795 3.33419 10.8745 59.6339 4.67225
internal_count=26386 26216 26139 170 25912 25906 25700 227 94 206 204 133 25698 10687 117 142 124 77 15011 1097
is_linear=0
shrinkage=0.05


end of trees

feature_importances:
Column_6=273
Column_3=41
Column_1=26
Column_0=22
Column_5=22
Column_2=9
Column_7=5
Column_4=1
Column_8=1

parameters:
[boosting: gbdt]
[objective: binary]
[metric: l1,l2]
[tree_learner: serial]
[device_type: cpu]
[data_sample_strategy: bagging]
[data: ]
[valid: ]
[num_iterations: 20]
[learning_rate: 0.05]
[num_leaves: 21]
[num_threads: 0]
[seed: 0]
[deterministic: 0]
[force_col_wise: 0]
[force_row_wise: 0]
[histogram_pool_size: -1]
[max_depth: -1]
[min_data_in_leaf: 20]
[min_sum_hessian_in_leaf: 0.001]
[bagging_fraction: 0.8]
[pos_bagging_fraction: 1]
[neg_bagging_fraction: 1]
[bagging_freq: 5]
[bagging_seed: 3]
[feature_fraction: 0.9]
[feature_fraction_bynode: 1]
[feature_fraction_seed: 2]
[extra_trees: 0]
[extra_seed: 6]
[early_stopping_round: 0]
[first_metric_only: 0]
[max_delta_step: 0]
[lambda_l1: 0]
[lambda_l2: 0]
[linear_lambda: 0]
[min_gain_to_split: 0]
[drop_rate: 0.1]
[max_drop: 50]
[skip_drop: 0.5]
[xgboost_dart_mode: 0]
[uniform_drop: 0]
[drop_seed: 4]
[top_rate: 0.2]
[other_rate: 0.1]
[min_data_per_group: 100]
[max_cat_threshold: 32]
[cat_l2: 10]
[cat_smooth: 10]
[max_cat_to_onehot: 4]
[top_k: 20]
[monotone_constraints: ]
[monotone_constraints_method: basic]
[monotone_penalty: 0]
[feature_contri: ]
[forcedsplits_filename: ]
[refit_decay_rate: 0.9]
[cegb_tradeoff: 1]
[cegb_penalty_split: 0]
[cegb_penalty_feature_lazy: ]
[cegb_penalty_feature_coupled: ]
[path_smooth: 0]
[interaction_constraints: ]
[verbosity: 0]
[saved_feature_importance_type: 0]
[use_quantized_grad: 0]
[num_grad_quant_bins: 4]
[quant_train_renew_leaf: 0]
[stochastic_rounding: 1]
[linear_tree: 0]
[max_bin: 255]
[max_bin_by_feature: ]
[min_data_in_bin: 3]
[bin_construct_sample_cnt: 200000]
[data_random_seed: 1]
[is_enable_sparse: 1]
[enable_bundle: 1]
[use_missing: 1]
[zero_as_missing: 0]
[feature_pre_filter: 1]
[pre_partition: 0]
[two_round: 0]
[header: 0]
[label_column: ]
[weight_column: ]
[group_column: ]
[ignore_column: ]
[categorical_feature: ]
[forcedbins_filename: ]
[precise_float_parser: 0]
[parser_config_file: ]
[objective_seed: 5]
[num_class: 1]
[is_unbalance: 0]
[scale_pos_weight: 1]
[sigmoid: 1]
[boost_from_average: 1]
[reg_sqrt: 0]
[alpha: 0.9]
[fair_c: 1]
[poisson_max_delta_step: 0.7]
[tweedie_variance_power: 1.5]
[lambdarank_truncation_level: 30]
[lambdarank_norm: 1]
[label_gain: ]
[lambdarank_position_bias_regularization: 0]
[eval_at: ]
[multi_error_top_k: 1]
[auc_mu_weights: ]
[num_machines: 1]
[local_listen_port: 12400]
[time_out: 120]
[machine_list_filename: ]
[machines: ]
[gpu_platform_id: -1]
[gpu_device_id: -1]
[gpu_use_dp: 0]
[num_gpu: 1]

end of parameters

pandas_categorical:null
